    unsorted:	 1030.682045 997.6516407 647.2228205 348.7335825 1351.043923 40.09401096 2847.588966 16907.03978
      sorted:	 40.09401096 348.7335825 647.2228205 997.6516407 1030.682045 1351.043923 2847.588966 16907.03978
