    unsorted:	 1028.894318 959.2906447 578.0939229 342.6721731 1369.647665 43.81804537 2960.973704 15317.44751
      sorted:	 43.81804537 342.6721731 578.0939229 959.2906447 1028.894318 1369.647665 2960.973704 15317.44751
